2
3
5
6
7
8
10
11
12
14
16
17
19
21
22
23
25
27
29
30
31
34
36
37
38
40
42
44
45
46
47
51
54
55
56
57
59
61
62
64
65
66
68
69
73
75
78
79
81
82
86
87
88
89
90
93
94
98
101
102
106
109
114
115
117
118
119
120
121
122
125
127
128
129
130
131
132
133
134
135
138
139
140
141
142
143
144
145
146
147
148
150
151
152
153
154
156
158
159
160
161
164
165
166
167
170
171
173
174
179
180
182
183
184
188
192
193
194
196
197
199
201
202
203
204
205
206
208
209
211
212
213
214
215
216
217
218
219
221
225
227
228
231
232
235
236
238
239
240
248
250
251
252
253
254
257
258
259
260
261
263
266
268
270
271
272
273
274
276
277
278
279
280
282
284
286
287
288
289
290
291
293
294
295
296
297
298
299
300
301
302
303
306
309
310
314
315
316
317
318
319
320
322
323
324
326
327
328
330
331
332
333
334
335
337
338
342
344
347
348
350
352
354
359
360
362
363
364
365
366
367
368
369
371
372
376
379
380
381
382
383
385
386
387
388
389
390
392
393
394
395
396
397
398
399
400
401
404
407
408
409
411
412
414
415
416
417
419
420
421
423
424
428
429
430
431
432
434
435
437
438
442
443
444
445
446
447
448
449
451
452
453
455
457
458
460
462
464
465
466
467
468
471
472
474
476
479
480
481
483
485
487
488
489
491
493
495
496
499
504
507
508
509
510
511
514
518
519
520
523
524
525
527
529
530
531
533
534
537
538
539
540
541
545
547
548
549
550
552
553
554
555
556
558
559
560
562
564
570
571
573
575
576
579
580
583
587
588
590
591
592
593
594
595
597
600
601
603
604
605
606
607
609
610
612
613
614
616
617
619
620
623
624
625
626
627
629
632
633
634
635
637
639
642
645
646
647
648
649
650
652
654
655
656
657
659
661
662
667
669
670
671
672
674
675
677
678
679
681
682
683
686
687
688
689
691
692
693
694
695
697
698
699
700
701
702
703
704
705
706
709
710
713
714
715
716
717
718
721
724
726
727
730
731
732
733
734
735
736
737
738
741
743
744
745
748
749
750
751
753
756
760
761
762
764
765
767
768
769
770
771
773
774
775
776
777
779
780
782
783
786
787
789
794
797
801
802
803
805
808
811
817
818
819
820
821
822
825
826
827
828
829
830
831
834
835
836
838
839
841
842
843
844
846
847
848
849
850
853
854
855
857
858
859
860
861
863
864
865
867
868
869
870
871
872
873
874
875
876
877
878
880
881
884
886
888
889
890
891
892
895
896
897
898
900
901
903
904
906
907
908
910
913
914
915
918
919
923
925
926
930
931
932
933
935
937
939
941
942
943
944
945
946
947
948
949
950
951
952
953
954
956
957
958
959
960
961
962
963
964
966
967
968
969
970
972
973
974
975
976
977
979
981
983
984
985
987
988
989
990
992
993
994
996
997
998
999
1001
1002
1003
1004
1005
1006
1008
1009
1010
1011
1013
1014
1015
1016
1017
1020
1021
1023
1024
1025
1026
1028
1030
1031
1034
1035
1036
1037
1038
1040
1041
1042
1043
1044
1046
1047
1048
1049
1050
1051
1052
1053
1054
1055
1056
1058
1061
1062
1063
1064
1066
1067
1069
1070
1071
1075
1076
1077
1078
1079
1080
1083
1086
1088
1091
1093
1094
1096
1097
1098
1102
1103
1104
1107
1111
1113
1117
1118
1119
1120
1123
1127
1128
1130
1133
1134
1135
1136
1137
1138
1140
1141
1145
1146
1150
1152
1153
1154
1155
1156
1158
1159
1161
1162
1164
1165
1166
1167
1169
1170
1171
1172
1173
1174
1175
1178
1179
1180
1181
1183
1184
1187
1188
1190
1191
1192
1193
1194
1195
1196
1200
1201
1206
1207
1208
1209
1210
1211
1212
1213
1214
1215
1217
1218
1220
1225
1227
1228
1231
1235
1236
1237
1238
1241
1242
1244
1246
1247
1248
1250
1251
1254
1255
1257
1259
1260
1262
1263
1264
1265
1269
1270
1272
1274
1276
1278
1280
1282
1284
1285
1286
1287
1288
1289
1291
1292
1293
1294
1295
1296
1297
1298
1300
1305
1307
1308
1309
1310
1311
1312
1314
1315
1316
1317
1318
1319
1320
1321
1323
1325
1326
1327
1328
1329
1331
1332
1335
1336
1337
1338
1340
1342
1345
1346
1347
1348
1349
1350
1351
1352
1353
1354
1355
1356
1357
1360
1361
1365
1366
1367
1368
1370
1371
1372
1373
1374
1375
1377
1379
1382
1383
1384
1386
1387
1389
1390
1391
1392
1393
1394
1395
1396
1400
1403
1408
1409
1410
1411
1416
1417
1418
1421
1422
1423
1425
1426
1427
1428
1429
1432
1433
1437
1438
1439
1440
1441
1442
1443
1445
1446
1447
1448
1450
1451
1452
1453
1454
1456
1457
1462
1463
1464
1465
1466
1467
1468
1469
1471
1473
1474
1475
1476
1478
1479
1480
1482
1483
1485
1486
1487
1489
1491
1492
1497
1498
1499
1500
1504
1505
1507
1508
1511
1512
1513
1515
1518
1521
1523
1525
1526
1529
1531
1532
1533
1534
1535
1537
1539
1540
1541
1542
1543
1545
1547
1549
1550
1551
1552
1553
1554
1555
1556
1558
1564
1566
1567
1568
1569
1570
1571
1574
1575
1577
1578
1579
1582
1583
1585
1586
1587
1588
1590
1591
1594
1595
1598
1599
1600
1601
1603
1605
1609
1610
1612
1613
1614
1615
1616
1617
1619
1620
1621
1623
1625
1626
1628
1631
1634
1635
1637
1638
1639
1640
1644
1645
1646
1647
1649
1650
1651
1652
1653
1654
1658
1662
1663
1664
1666
1671
1672
1673
1674
1676
1677
1679
1680
1681
1682
1684
1685
1687
1688
1689
1690
1691
1692
1694
1696
1700
1701
1702
1703
1705
1706
1708
1710
1711
1712
1713
1714
1721
1722
1723
1724
1726
1727
1729
1731
1732
1733
1737
1739
1740
1741
1742
1743
1744
1745
1746
1749
1753
1754
1755
1756
1759
1760
1761
1762
1763
1766
1768
1770
1771
1773
1774
1776
1777
1778
1779
1783
1784
1785
1786
1787
1788
1789
1791
1792
1793
1795
1796
1797
1799
1800
1802
1803
1804
1805
1806
1807
1808
1810
1812
1814
1815
1816
1817
1818
1819
1821
1822
1823
1824
1825
1826
1827
1830
1834
1835
1837
1839
1845
1846
1847
1848
1854
1855
1861
1862
1863
1864
1865
1866
1869
1870
1872
1873
1874
1875
1876
1877
1880
1881
1883
1885
1886
1887
1888
1890
1892
1893
1895
1896
1898
1900
1901
1902
1903
1906
1909
1910
1912
1913
1914
1915
1916
1917
1919
1920
1921
1924
1925
1928
1929
1932
1933
1934
1936
1937
1939
1940
1941
1942
1943
1944
1945
1946
1947
1948
1949
1951
1953
1956
1957
1958
1961
1962
1963
1966
1967
1968
1969
1970
1971
1973
1974
1975
1976
1977
1978
1981
1982
1983
1985
1987
1988
1990
1991
1993
1994
1995
1996
1997
1998
2000
2001
2003
2004
2005
2006
2007
2008
2009
2011
2012
2013
2014
2015
2017
2018
2020
2021
2022
2023
2024
2025
2026
2028
2029
2030
2031
2032
2033
2034
2037
2039
2042
2046
2047
2049
2050
2051
2053
2055
2056
2057
2058
2059
2061
2063
2065
2066
2067
2069
2070
2071
2073
2074
2075
2076
2077
2081
2084
2085
2087
2088
2089
2090
2093
2095
2096
2097
2098
2099
2101
2102
2103
2104
2105
2106
2108
2109
2112
2114
2115
2116
2117
2118
2119
2120
2122
2123
2125
2126
2129
2130
2131
2132
2134
2136
2138
2141
2143
2144
2145
2146
2147
2148
2149
2150
2152
2153
2154
2156
2157
2159
2160
2161
2163
2164
2165
2166
2168
2170
2171
2172
2173
2174
2175
2176
2177
2178
2179
2180
2181
2182
2183
2184
2185
2186
2188
2191
2194
2195
2198
2200
2201
2202
2204
2205
2206
2207
2209
2211
2213
2214
2215
2216
2217
2218
2219
2221
2223
2224
2228
2229
2230
2231
2234
2235
2236
2238
2239
2240
2241
2242
2243
2244
2245
2247
2248
2251
2252
2255
2256
2257
2258
2259
2262
2265
2266
2269
2270
2274
2275
2276
2278
2280
2281
2282
2284
2287
2288
2289
2292
2295
2297
2299
2301
2302
2303
2304
2306
2307
2312
2313
2314
2315
2316
2318
2320
2322
2323
2324
2325
2326
2328
2330
2331
2332
2333
2335
2337
2338
2339
2341
2342
2343
2344
2347
2348
2349
2350
2351
2352
2353
2355
2357
2359
2361
2365
2366
2367
2368
2369
2371
2373
2375
2378
2379
2383
2384
2385
2386
2387
2389
2390
2391
2392
2393
2397
2398
2400
2404
2406
2407
2408
2409
2410
2413
2415
2416
2417
2419
2420
2421
2422
2427
2432
2433
2434
2435
2436
2437
2439
2440
2441
2442
2445
2446
2448
2449
2450
2451
2452
2453
2454
2456
2463
2464
2465
2466
2467
2469
2471
2472
2473
2475
2478
2480
2481
2482
2483
2484
2485
2487
2488
2489
2490
2493
2494
2495
2497
2498
2500
2502
2503
2504
2507
2508
2509
2511
2512
2513
2515
2516
2518
2519
2520
2522
2523
2524
2526
2527
2528
2529
2530
2531
2532
2533
2534
2537
2539
2541
2542
2543
2544
2545
2546
2547
2548
2549
2550
2555
2556
2558
2559
2560
2561
2562
2563
2566
2568
2569
2570
2572
2573
2576
2577
2578
2579
2582
2583
2584
2585
2587
2588
2590
2591
2592
2593
2594
2596
2597
2599
2600
2602
2603
2604
2605
2606
2608
2611
2612
2614
2616
2617
2618
2619
2621
2622
2624
2625
2626
2630
2634
2636
2637
2638
2639
2640
2643
2644
2645
2646
2647
2649
2652
2653
2654
2656
2658
2659
2661
2665
2666
2667
2668
2669
2670
2672
2673
2675
2676
2680
2681
2682
2683
2684
2685
2686
2687
2689
2691
2694
2698
2705
2710
2711
2713
2714
2715
2716
2718
2721
2722
2723
2724
2725
2726
2727
2728
2730
2731
2733
2734
2738
2739
2740
2741
2743
2744
2745
2746
2747
2748
2749
2750
2751
2752
2753
2754
2755
2756
2758
2759
2760
2761
2763
2766
2768
2769
2771
2772
2773
2775
2777
2778
2779
2781
2782
2785
2787
2788
2789
2790
2791
2794
2796
2797
2798
2800
2803
2804
2807
2808
2809
2810
2812
2814
2815
2816
2820
2821
2822
2823
2824
2825
2826
2827
2828
2831
2832
2834
2835
2837
2838
2840
2842
2845
2846
2847
2848
2849
2850
2851
2852
2853
2855
2856
2859
2860
2861
2862
2863
2864
2865
2866
2869
2870
2871
2873
2875
2877
2878
2881
2882
2883
2886
2887
2890
2891
2892
2894
2897
2898
2900
2901
2902
2903
2906
2907
2908
2909
2910
2911
2912
2915
2917
2918
2919
2920
2921
2923
2925
2928
2929
2930
2932
2933
2934
2935
2936
2937
2938
2940
2941
2943
2944
2945
2946
2947
2949
2950
2952
2956
2957
2958
2961
2963
2964
2965
2967
2968
2969
2972
2973
2974
2975
2976
2978
2979
2980
2981
2982
2983
2984
2985
2986
2987
2988
2989
2990
2991
2993
2994
2996
2997
2998
2999
3000
3001
3004
3006
3007
3008
3009
3011
3012
3013
3014
3016
3017
3018
3020
3021
3022
3024
3026
3027
3028
3031
3032
3033
3034
3035
3037
3039
3042
3043
3044
3046
3047
3048
3049
3050
3055
3056
3057
3058
3059
3060
3061
3065
3066
3069
3073
3076
3079
3081
3084
3085
3086
3088
3090
3091
3095
3099
3101
3103
3104
3105
3106
3108
3109
3111
3112
3113
3114
3117
3118
3120
3121
3126
3128
3129
3131
3132
3133
3139
3142
3143
3144
3146
3147
3148
3150
3154
3156
3157
3158
3161
3162
3163
3164
3167
3168
3170
3171
3172
3174
3177
3180
3181
3183
3184
3186
3187
3188
3189
3191
3194
3195
3197
3198
3199
3200
3203
3204
3205
3206
3208
3209
3210
3211
3212
3213
3214
3215
3217
3218
3219
3221
3223
3224
3229
3230
3231
3234
3236
3237
3239
3240
3242
3246
3247
3249
3250
3255
3256
3257
3264
3266
3269
3270
3271
3272
3276
3277
3278
3279
3281
3283
3286
3288
3290
3291
3293
3294
3298
3299
3301
3302
3304
3305
3306
3307
3309
3314
3316
3317
3319
3320
3321
3322
3325
3326
3329
3330
3332
3334
3335
3336
3337
3341
3342
3343
3344
3345
3346
3348
3349
3350
3351
3352
3353
3355
3356
3358
3366
3371
3372
3373
3374
3375
3377
3378
3379
3383
3385
3386
3387
3390
3391
3394
3395
3396
3397
3398
3399
3400
3401
3402
3403
3406
3407
3408
3410
3411
3414
3416
3417
3418
3419
3420
3421
3422
3424
3426
3428
3429
3430
3431
3432
3433
3435
3436
3438
3440
3441
3442
3443
3444
3446
3447
3449
3451
3453
3455
3460
3461
3462
3463
3464
3465
3466
3467
3468
3469
3470
3471
3472
3473
3474
3475
3476
3477
3478
3479
3480
3482
3483
3484
3485
3486
3487
3489
3490
3491
3492
3493
3494
3496
3497
3499
3500
3501
3502
3503
3504
3505
3506
3508
3509
3512
3514
3515
3516
3518
3519
3521
3522
3523
3524
3526
3527
3528
3529
3534
3536
3537
3539
3540
3541
3544
3545
3546
3547
3549
3553
3554
3555
3556
3557
3558
3559
3561
3565
3566
3568
3573
3574
3576
3578
3579
3582
3583
3585
3586
3587
3590
3591
3593
3595
3596
3597
3600
3601
3602
3603
3604
3605
3606
3607
3614
3618
3619
3621
3623
3624
3625
3626
3627
3628
3629
3630
3632
3634
3636
3637
3638
3640
3641
3642
3643
3645
3647
3649
3651
3653
3654
3655
3656
3657
3658
3659
3660
3661
3663
3664
3667
3668
3671
3674
3675
3678
3679
3680
3681
3683
3686
3687
3688
3689
3692
3693
3694
3696
3698
3699
3701
3702
3704
3705
3706
3709
3710
3714
3715
3716
3717
3719
3720
3721
3722
3724
3725
3726
3727
3729
3730
3732
3737
3738
3742
3744
3745
3746
3747
3748
3750
3751
3752
3753
3754
3755
3759
3760
3761
3762
3764
3765
3766
3767
3768
3769
3770
3772
3776
3779
3780
3782
3783
3784
3785
3787
3788
3790
3792
3793
3795
3796
3798
3799
3800
3804
3806
3808
3809
3813
3814
3815
3818
3819
3820
3822
3829
3830
3833
3834
3836
3837
3838
3839
3840
3841
3844
3845
3846
3847
3848
3849
3850
3851
3852
3853
3854
3856
3857
3859
3860
3865
3866
3869
3870
3871
3872
3873
3874
3875
3876
3877
3878
3879
3880
3881
3883
3884
3885
3886
3887
3888
3889
3890
3892
3893
3894
3895
3896
3897
3899
3900
3901
3902
3903
3908
3909
3910
3911
3913
3914
3915
3917
3918
3919
3920
3921
3923
3924
3925
3926
3927
3928
3929
3930
3933
3934
3935
3937
3939
3940
3942
3943
3944
3947
3948
3949
3950
3953
3954
3956
3960
3961
3962
3963
3964
3966
3967
3968
3969
3970
3971
3972
3973
3976
3979
3980
3981
3982
3983
3984
3987
3988
3990
3991
3992
3993
3994
3995
3997
3998
4000
4001
4002
4003
4007
4010
4011
4013
4014
4015
4016
4020
4021
4022
4023
4025
4028
4029
4030
4031
4032
4033
4034
4035
4036
4037
4038
4040
4041
4042
4044
4045
4046
4047
4048
4049
4050
4051
4052
4054
4055
4057
4058
4059
4061
4063
4064
4066
4067
4068
4070
4071
4072
4073
4075
4078
4079
4080
4085
4089
4091
4092
4095
4096
4098
4100
4102
4103
4104
4105
4106
4110
4111
4112
4114
4115
4117
4118
4119
4120
4121
4122
4123
4124
4125
4126
4127
4129
4131
4132
4133
4134
4137
4138
4139
4140
4141
4143
4144
4145
4146
4147
4148
4150
4151
4153
4155
4156
4157
4159
4161
4163
4164
4165
4166
4167
4171
4173
4175
4180
4183
4184
4185
4186
4187
4188
4190
4192
4194
4195
4196
4197
4198
4199
4202
4204
4205
4209
4210
4211
4213
4216
4217
4219
4220
4221
4222
4224
4225
4226
4227
4230
4232
4233
4234
4237
4239
4241
4243
4244
4245
4246
4248
4249
4250
4251
4252
4253
4254
4255
4256
4258
4261
4263
4264
4266
4268
4269
4270
4275
4279
4280
4281
4282
4285
4286
4287
4288
4290
4293
4295
4296
4297
4298
4301
4303
4304
4305
4306
4307
4308
4309
4310
4313
4314
4316
4317
4318
4319
4321
4324
4327
4328
4329
4330
4331
4332
4334
4335
4336
4337
4339
4340
4343
4345
4346
4347
4348
4349
4350
4351
4352
4354
4356
4357
4358
4362
4364
4366
4367
4368
4371
4372
4375
4377
4378
4381
4383
4385
4387
4389
4391
4394
4396
4397
4398
4400
4402
4404
4405
4407
4409
4410
4413
4414
4416
4417
4418
4420
4423
4424
4427
4430
4431
4432
4433
4435
4437
4438
4439
4440
4442
4443
4446
4447
4448
4449
4450
4451
4452
4453
4457
4458
4460
4461
4462
4463
4464
4468
4471
4472
4474
4475
4476
4483
4484
4485
4486
4487
4488
4492
4494
4495
4496
4497
4498
4500
4501
4502
4504
4505
4506
4507
4510
4512
4515
4516
4517
4518
4519
4520
4521
4522
4523
4524
4525
4527
4529
4530
4531
4533
4534
4535
4536
4538
4539
4540
4542
4545
4547
4551
4553
4554
4555
4557
4558
4560
4561
4562
4564
4565
4566
4567
4568
4571
4572
4573
4575
4576
4578
4579
4580
4582
4587
4588
4591
4593
4595
4597
4599
4600
4601
4607
4610
4612
4615
4617
4618
4620
4621
4622
4623
4625
4626
4627
4628
4630
4635
4637
4638
4639
4640
4641
4644
4645
4646
4648
4650
4651
4652
4655
4656
4657
4659
4661
4663
4666
4669
4670
4671
4672
4675
4676
4678
4680
4681
4682
4683
4684
4687
4688
4690
4691
4692
4694
4696
4697
4699
4700
4702
4706
4707
4709
4710
4711
4712
4713
4715
4717
4718
4720
4721
4722
4724
4725
4727
4728
4729
4734
4735
4736
4738
4740
4741
4742
4743
4744
4747
4749
4750
4751
4752
4758
4759
4760
4761
4763
4764
4765
4766
4768
4770
4772
4773
4778
4779
4783
4785
4786
4787
4791
4792
4793
4794
4795
4796
4797
4798
4799
4801
4803
4804
4805
4809
4811
4812
4814
4815
4816
4817
4821
4822
4823
4824
4825
4827
4828
4829
4830
4832
4833
4835
4836
4837
4838
4840
4841
4842
4843
4844
4847
4848
4849
4850
4851
4852
4854
4857
4858
4859
4860
4862
4865
4866
4868
4870
4871
4873
4875
4876
4877
4878
4879
4880
4883
4884
4885
4886
4887
4888
4889
4890
4891
4893
4894
4895
4902
4905
4906
4911
4913
4915
4917
4918
4919
4920
4921
4922
4923
4924
4928
4929
4930
4931
4932
4935
4936
4938
4941
4944
4945
4946
4947
4948
4949
4950
4951
4952
4953
4954
4959
4961
4962
4963
4966
4969
4972
4973
4974
4976
4977
4978
4979
4980
4981
4982
4983
4984
4985
4986
4988
4991
4993
4995
4996
4997
4998
4999
5001
5004
5005
5006
5008
5009
5010
5011
5012
5013
5014
5015
5016
5018
5020
5021
5022
5024
5025
5026
5027
5028
5029
5030
5035
5037
5038
5039
5042
5043
5046
5047
5048
5051
5052
5057
5059
5060
5061
5062
5063
5064
5066
5068
5069
5070
5071
5074
5078
5079
5080
5081
5082
5083
5084
5085
5086
5090
5091
5092
5093
5094
5095
5096
5097
5098
5100
5101
5102
5103
5105
5106
5107
5108
5110
5111
5115
5117
5120
5121
5122
5123
5127
5128
5130
5132
5133
5138
5140
5141
5142
5144
5145
5146
5147
5148
5149
5150
5154
5155
5157
5158
5159
5161
5162
5163
5164
5165
5166
5168
5169
5170
5172
5174
5176
5177
5179
5180
5182
5183
5187
5189
5190
5191
5192
5193
5194
5198
5199
5200
5201
5202
5204
5205
5207
5208
5210
5211
5213
5214
5215
5216
5217
5219
5220
5221
5223
5224
5227
5229
5230
5231
5235
5236
5237
5238
5239
5240
5241
5242
5243
5246
5247
5248
5251
5253
5258
5260
5262
5263
5264
5266
5267
5270
5272
5273
5275
5276
5277
5279
5280
5282
5283
5284
5285
5287
5288
5289
5291
5293
5296
5297
5298
5299
5300
5302
5303
5304
5306
5307
5308
5309
5310
5311
5314
5316
5319
5320
5321
5322
5324
5325
5327
5328
5329
5330
5331
5333
5334
5337
5339
5341
5342
5343
5344
5345
5349
5350
5351
5353
5354
5355
5358
5360
5361
5362
5363
5364
5365
5366
5368
5369
5370
5374
5375
5376
5377
5379
5380
5381
5382
5383
5384
5387
5389
5390
5392
5393
5394
5395
5396
5398
5400
5403
5404
5405
5406
5408
5410
5413
5416
5418
5419
5424
5425
5428
5429
5430
5432
5435
5436
5437
5439
5440
5441
5442
5443
5444
5446
5447
5449
5454
5455
5456
5458
5459
5461
5462
5463
5464
5467
5468
5469
5470
5472
5473
5474
5475
5478
5479
5482
5483
5484
5488
5489
5494
5495
5496
5497
5498
5499
5500
5501
5502
5503
5504
5505
5506
5507
5508
5509
5510
5511
5512
5513
5514
5515
5516
5518
5519
5520
5521
5522
5523
5526
5527
5528
5529
5530
5531
5532
5534
5536
5537
5539
5540
5542
5544
5545
5547
5548
5549
5550
5551
5552
5553
5555
5559
5560
5561
5562
5564
5568
5569
5570
5571
5572
5573
5578
5580
5581
5582
5583
5585
5587
5588
5590
5593
5595
5596
5599
5600
5601
5602
5604
5606
5607
5608
5609
5611
5614
5616
5618
5620
5622
5623
5624
5625
5626
5627
5628
5629
5630
5631
5632
5633
5635
5636
5637
5638
5639
5640
5642
5643
5648
5649
5651
5653
5654
5655
5656
5657
5663
5664
5665
5666
5667
5668
5669
5670
5671
5672
5674
5676
5678
5680
5681
5684
5685
5686
5688
5689
5690
5691
5692
5696
5697
5698
5699
5700
5702
5704
5705
5706
5707
5711
5714
5715
5716
5717
5720
5725
5726
5727
5728
5729
5730
5732
5733
5734
5736
5738
5742
5743
5744
5745
5746
5747
5748
5749
5750
5752
5753
5754
5755
5757
5758
5760
5761
5764
5767
5770
5775
5778
5779
5780
5781
5782
5785
5786
5787
5789
5790
5792
5793
5794
5795
5796
5797
5798
5802
5803
5804
5805
5807
5808
5809
5810
5811
5812
5813
5815
5817
5818
5819
5821
5824
5828
5830
5831
5834
5836
5837
5838
5839
5840
5841
5842
5843
5844
5845
5846
5847
5849
5850
5851
5855
5857
5858
5859
5860
5862
5863
5864
5866
5868
5869
5871
5872
5874
5876
5877
5878
5879
5880
5882
5883
5884
5885
5886
5890
5891
5893
5895
5896
5898
5899
5900
5901
5903
5904
5905
5906
5907
5908
5909
5911
5914
5915
5917
5920
5921
5922
5923
5925
5927
5928
5929
5931
5934
5935
5936
5940
5941
5944
5945
5947
5948
5949
5950
5952
5953
5954
5955
5956
5957
5958
5959
5961
5962
5963
5965
5966
5967
5968
5971
5973
5976
5977
5979
5980
5981
5982
5984
5985
5986
5988
5990
5991
5994
5997
5999
6001
6002
6003
6007
6009
6011
6012
6013
6014
6015
6016
6017
6019
6020
6021
6023
6024
6026
6027
6028
6029
6030
6031
6032
6033
6034
6035
6037
6038
6039
6040
6041
6043
6044
6045
6046
6047
6048
6049
6050
6051
6053
6056
6060
6063
6064
6066
6070
6071
6072
6075
6076
6077
6080
6082
6083
6084
6085
6086
6087
6090
6091
6094
6096
6098
6099
6102
6103
6104
6106
6107
6111
6112
6113
6114
6115
6116
6117
6119
6120
6121
6122
6123
6125
6127
6128
6130
6134
6136
6137
6138
6139
6140
6141
6142
6145
6146
6148
6149
6152
6154
6155
6158
6160
6162
6163
6165
6167
6168
6169
6171
6172
6176
6177
6178
6180
6181
6182
6184
6185
6186
6188
6190
6191
6194
6199
6202
6203
6204
6206
6207
6208
6210
6211
6212
6213
6214
6215
6216
6221
6222
6223
6224
6225
6226
6227
6229
6231
6232
6233
6234
6235
6238
6239
6240
6241
6243
6244
6245
6246
6248
6250
6251
6252
6256
6257
6258
6259
6260
6261
6263
6264
6265
6266
6267
6268
6269
6270
6272
6274
6277
6278
6282
6283
6284
6287
6289
6290
6292
6293
6296
6297
6298
6299
6300
6301
6302
6304
6306
6308
6310
6311
6313
6319
6321
6322
6323
6324
6325
6326
6327
6331
6334
6335
6340
6343
6346
6349
6350
6355
6356
6359
6361
6363
6364
6365
6367
6368
6371
6372
6373
6375
6376
6377
6378
6379
6380
6381
6383
6384
6385
6386
6387
6389
6391
6392
6393
6396
6398
6399
6400
6401
6402
6403
6404
6405
6407
6408
6409
6410
6412
6413
6414
6415
6418
6420
6421
6425
6426
6427
6428
6429
6431
6432
6433
6435
6436
6437
6439
6440
6443
6444
6446
6447
6448
6449
6451
6453
6454
6455
6456
6458
6461
6462
6463
6464
6465
6467
6471
6474
6476
6477
6479
6480
6484
6486
6489
6490
6492
6494
6497
6499
6501
6502
6504
6505
6506
6507
6508
6509
6511
6512
6515
6516
6517
6520
6522
6523
6524
6525
6526
6527
6528
6529
6532
6533
6535
6536
6537
6538
6540
6541
6543
6544
6545
6546
6547
6548
6549
6552
6553
6554
6556
6557
6558
6560
6561
6562
6564
6565
6566
6567
6568
6570
6571
6573
6574
6575
6576
6578
6581
6585
6586
6588
6589
6590
6591
6593
6594
6595
6597
6598
6599
6600
6602
6603
6604
6605
6606
6609
6610
6611
6615
6616
6617
6618
6619
6620
6621
6622
6623
6624
6625
6626
6628
6629
6631
6632
6633
6634
6635
6636
6637
6639
6644
6645
6647
6649
6650
6651
6652
6653
6655
6656
6660
6661
6662
6663
6665
6666
6667
6669
6670
6671
6673
6674
6675
6678
6681
6682
6683
6684
6685
6686
6687
6690
6692
6693
6695
6696
6697
6698
6700
6702
6703
6704
6706
6708
6716
6717
6718
6719
6720
6722
6723
6724
6726
6727
6730
6738
6740
6741
6742
6744
6745
6746
6747
6749
6750
6751
6753
6757
6760
6762
6763
6764
6765
6770
6772
6773
6774
6775
6776
6778
6779
6780
6782
6783
6784
6787
6788
6790
6791
6793
6794
6795
6796
6797
6798
6799
6800
6802
6803
6804
6805
6806
6807
6809
6810
6812
6814
6816
6817
6818
6819
6821
6822
6823
6824
6825
6826
6830
6833
6834
6835
6836
6837
6839
6840
6841
6842
6843
6844
6845
6846
6847
6849
6851
6852
6853
6854
6855
6857
6858
6859
6860
6861
6862
6863
6864
6865
6866
6868
6869
6871
6872
6873
6875
6876
6877
6878
6879
6881
6884
6888
6889
6893
6894
6897
6898
6901
6902
6904
6908
6909
6910
6912
6913
6914
6916
6917
6918
6919
6921
6922
6925
6926
6927
6930
6932
6933
6934
6936
6938
6939
6941
6942
6943
6944
6945
6946
6948
6949
6950
6951
6952
6954
6956
6957
6958
6959
6960
6965
6968
6969
6970
6971
6972
6976
6977
6978
6980
6981
6982
6983
6984
6986
6987
6988
6991
6993
6994
6995
6996
6998
6999
7000
7001
7003
7004
7005
7007
7008
7010
7011
7012
7013
7015
7018
7020
7021
7024
7025
7026
7027
7030
7032
7033
7035
7036
7037
7039
7040
7042
7043
7044
7046
7050
7051
7052
7053
7054
7056
7060
7064
7065
7067
7068
7069
7070
7073
7074
7076
7077
7078
7079
7082
7083
7084
7086
7087
7089
7090
7095
7097
7098
7099
7100
7101
7102
7103
7105
7107
7108
7109
7110
7111
7112
7113
7114
7115
7116
7117
7119
7120
7121
7122
7123
7126
7127
7128
7132
7133
7136
7137
7139
7140
7141
7142
7145
7146
7147
7148
7150
7151
7152
7153
7154
7155
7157
7159
7163
7165
7167
7169
7170
7171
7172
7173
7174
7175
7176
7177
7178
7179
7181
7182
7183
7184
7185
7189
7190
7191
7193
7194
7199
7200
7201
7202
7203
7205
7209
7210
7211
7212
7213
7217
7218
7219
7220
7221
7222
7223
7224
7225
7226
7227
7228
7229
7230
7231
7232
7234
7235
7236
7237
7239
7241
7242
7244
7245
7249
7250
7251
7255
7256
7257
7258
7259
7260
7261
7262
7263
7264
7265
7267
7268
7269
7270
7272
7275
7276
7277
7278
7279
7280
7281
7282
7283
7284
7285
7286
7287
7289
7290
7291
7292
7294
7295
7297
7300
7301
7305
7306
7307
7309
7310
7311
7314
7315
7316
7317
7318
7319
7323
7326
7327
7328
7332
7334
7335
7336
7337
7338
7343
7344
7345
7346
7350
7351
7353
7355
7358
7359
7361
7362
7363
7364
7365
7366
7368
7369
7370
7371
7374
7377
7378
7379
7380
7382
7383
7384
7385
7387
7388
7389
7390
7391
7392
7393
7394
7395
7396
7397
7399
7400
7401
7402
7404
7405
7406
7408
7409
7410
7411
7417
7419
7420
7421
7422
7424
7429
7430
7431
7432
7433
7435
7437
7444
7445
7446
7448
7450
7452
7454
7455
7458
7459
7460
7463
7464
7466
7468
7469
7470
7471
7472
7473
7474
7475
7476
7477
7479
7480
7481
7483
7488
7491
7492
7493
7496
7497
7498
7500
7503
7506
7508
7509
7511
7512
7513
7514
7515
7516
7517
7519
7520
7521
7523
7524
7526
7527
7528
7529
7531
7532
7535
7536
7538
7539
7542
7544
7545
7546
7548
7549
7550
7551
7552
7553
7556
7557
7560
7561
7562
7565
7566
7567
7571
7572
7575
7576
7577
7578
7579
7583
7584
7586
7587
7588
7589
7590
7591
7593
7594
7595
7596
7597
7598
7599
7600
7601
7604
7605
7606
7607
7609
7610
7611
7612
7613
7615
7616
7617
7618
7619
7620
7621
7624
7625
7626
7628
7630
7631
7632
7634
7635
7636
7637
7638
7647
7649
7653
7654
7655
7657
7658
7660
7661
7662
7663
7664
7665
7667
7668
7671
7676
7677
7678
7679
7680
7681
7682
7683
7684
7686
7688
7690
7691
7693
7697
7701
7702
7704
7706
7707
7708
7709
7710
7711
7712
7713
7716
7717
7718
7719
7720
7721
7722
7723
7724
7725
7726
7728
7729
7730
7731
7732
7733
7736
7737
7740
7742
7743
7745
7746
7750
7751
7752
7753
7756
7757
7759
7760
7766
7767
7768
7769
7771
7772
7773
7774
7775
7776
7779
7781
7782
7783
7784
7786
7790
7794
7795
7796
7797
7799
7801
7802
7804
7807
7809
7811
7812
7814
7817
7821
7822
7823
7824
7825
7826
7827
7830
7832
7833
7834
7835
7838
7839
7840
7841
7842
7845
7846
7848
7849
7854
7855
7856
7858
7859
7862
7863
7864
7866
7867
7868
7869
7870
7872
7874
7875
7876
7877
7878
7880
7882
7883
7885
7889
7890
7895
7896
7897
7900
7901
7902
7903
7904
7905
7906
7907
7908
7910
7911
7912
7913
7914
7917
7919
7920
7921
7930
7933
7935
7937
7938
7939
7940
7943
7945
7946
7948
7950
7953
7954
7958
7961
7963
7964
7967
7968
7969
7971
7972
7973
7975
7977
7980
7981
7982
7983
7984
7985
7986
7988
7989
7990
7991
7993
7994
7995
7996
7997
8000
8002
8004
8005
8006
8009
8012
8013
8014
8015
8022
8024
8026
8027
8028
8030
8031
8032
8033
8036
8039
8042
8043
8044
8045
8047
8048
8049
8050
8051
8052
8053
8054
8055
8056
8058
8059
8061
8063
8066
8068
8069
8070
8072
8075
8076
8077
8078
8079
8080
8081
8082
8083
8084
8085
8087
8088
8089
8090
8091
8092
8094
8096
8098
8100
8101
8102
8104
8105
8107
8108
8109
8111
8113
8114
8116
8117
8118
8119
8122
8123
8124
8125
8126
8129
8131
8132
8134
8135
8137
8139
8141
8142
8143
8144
8145
8146
8147
8149
8151
8152
8153
8154
8155
8156
8157
8160
8161
8162
8164
8165
8166
8167
8169
8174
8175
8177
8180
8181
8183
8184
8186
8188
8189
8190
8191
8192
8193
8196
8198
8200
8201
8202
8203
8205
8209
8210
8211
8214
8215
8217
8220
8221
8223
8224
8225
8226
8227
8229
8230
8232
8233
8235
8236
8237
8239
8240
8241
8243
8244
8245
8246
8247
8248
8249
8250
8252
8253
8255
8260
8266
8273
8275
8276
8278
8281
8282
8283
8285
8286
8288
8292
8293
8295
8296
8297
8298
8299
8302
8305
8306
8308
8310
8311
8312
8313
8315
8317
8322
8326
8328
8329
8330
8331
8332
8333
8334
8336
8337
8339
8340
8341
8344
8345
8346
8347
8349
8350
8351
8352
8353
8354
8356
8357
8359
8360
8363
8365
8366
8368
8369
8370
8373
8374
8376
8377
8378
8379
8380
8383
8384
8388
8389
8390
8391
8392
8393
8394
8396
8397
8398
8400
8406
8408
8409
8410
8412
8413
8414
8415
8416
8417
8418
8420
8421
8422
8423
8424
8425
8428
8429
8430
8431
8432
8433
8435
8436
8438
8439
8440
8441
8443
8444
8445
8446
8447
8448
8449
8451
8452
8453
8454
8458
8459
8460
8461
8462
8463
8464
8466
8468
8471
8472
8473
8475
8478
8479
8480
8481
8482
8485
8486
8487
8488
8489
8490
8491
8492
8493
8494
8495
8496
8498
8499
8500
8501
8502
8503
8504
8505
8506
8507
8508
8509
8510
8512
8513
8515
8516
8517
8518
8519
8520
8522
8523
8524
8525
8527
8528
8529
8531
8532
8535
8536
8537
8538
8541
8542
8543
8545
8546
8547
8548
8551
8552
8553
8556
8557
8558
8560
8561
8564
8566
8567
8569
8571
8572
8573
8575
8576
8578
8579
8583
8584
8586
8590
8592
8593
8594
8596
8598
8599
8600
8601
8603
8604
8607
8609
8610
8611
8614
8615
8616
8618
8620
8621
8623
8624
8625
8627
8629
8630
8631
8632
8633
8634
8636
8638
8641
8642
8643
8644
8645
8647
8648
8650
8651
8654
8656
8659
8660
8661
8663
8665
8666
8667
8668
8669
8671
8674
8675
8676
8678
8679
8681
8683
8684
8686
8688
8689
8690
8692
8693
8694
8696
8698
8700
8701
8702
8703
8704
8705
8706
8708
8709
8710
8712
8713
8715
8716
8718
8721
8722
8723
8724
8725
8726
8728
8730
8733
8734
8735
8736
8737
8738
8739
8740
8742
8743
8744
8745
8747
8748
8749
8751
8752
8754
8755
8756
8757
8759
8764
8765
8766
8767
8770
8772
8774
8775
8777
8778
8779
8781
8782
8783
8784
8787
8789
8791
8792
8795
8796
8798
8799
8800
8802
8803
8804
8805
8808
8811
8813
8816
8818
8819
8822
8823
8824
8825
8826
8827
8828
8830
8831
8834
8835
8836
8837
8838
8840
8841
8844
8848
8849
8850
8852
8853
8856
8857
8858
8859
8860
8861
8863
8865
8866
8867
8868
8869
8871
8872
8874
8875
8877
8878
8879
8880
8881
8882
8883
8884
8886
8887
8889
8891
8893
8894
8895
8896
8897
8900
8901
8902
8904
8905
8907
8908
8909
8910
8911
8912
8913
8914
8915
8917
8918
8919
8920
8921
8922
8923
8924
8925
8926
8928
8929
8930
8931
8932
8934
8935
8939
8940
8941
8942
8944
8946
8949
8952
8954
8955
8957
8959
8960
8962
8963
8964
8968
8969
8971
8972
8973
8974
8975
8977
8979
8980
8984
8985
8986
8989
8990
8991
8992
8993
8994
8995
8996
8997
9004
9005
9006
9007
9008
9009
9010
9012
9013
9018
9022
9023
9024
9025
9026
9027
9030
9031
9035
9037
9039
9040
9041
9043
9045
9046
9047
9049
9050
9051
9052
9054
9055
9056
9057
9058
9059
9060
9061
9062
9063
9065
9066
9067
9071
9072
9074
9077
9078
9079
9083
9086
9087
9091
9092
9097
9099
9102
9103
9104
9105
9106
9108
9109
9111
9114
9115
9116
9118
9119
9122
9124
9125
9126
9127
9129
9131
9132
9133
9134
9137
9139
9140
9142
9144
9145
9146
9147
9148
9149
9152
9153
9154
9155
9158
9159
9160
9161
9162
9163
9165
9166
9167
9171
9172
9173
9175
9177
9182
9183
9184
9185
9186
9187
9188
9191
9192
9199
9200
9201
9202
9203
9205
9206
9210
9211
9212
9213
9215
9218
9221
9222
9225
9227
9228
9230
9231
9232
9233
9235
9236
9240
9241
9242
9243
9244
9246
9249
9250
9251
9252
9253
9255
9256
9257
9258
9259
9260
9265
9266
9267
9269
9270
9271
9272
9273
9275
9276
9282
9283
9286
9288
9289
9290
9292
9293
9294
9295
9296
9298
9300
9301
9302
9305
9307
9309
9312
9313
9315
9317
9318
9319
9320
9321
9322
9324
9328
9329
9330
9331
9332
9333
9335
9336
9337
9338
9339
9340
9341
9342
9343
9344
9346
9354
9355
9359
9361
9363
9364
9366
9367
9369
9370
9371
9372
9373
9374
9377
9378
9380
9381
9382
9384
9387
9388
9389
9390
9395
9396
9397
9399
9401
9403
9406
9408
9411
9412
9413
9414
9415
9416
9418
9420
9421
9423
9424
9426
9428
9430
9432
9434
9435
9436
9437
9438
9439
9441
9445
9446
9448
9449
9453
9454
9455
9456
9457
9459
9461
9462
9463
9465
9466
9469
9470
9471
9472
9473
9474
9475
9476
9477
9478
9481
9484
9487
9488
9489
9493
9499
9500
9503
9506
9507
9509
9510
9511
9515
9517
9518
9519
9521
9523
9524
9525
9526
9530
9532
9533
9534
9535
9538
9539
9540
9541
9543
9544
9545
9546
9547
9548
9549
9550
9551
9553
9554
9555
9556
9557
9559
9563
9566
9568
9569
9570
9571
9572
9573
9575
9577
9578
9580
9581
9583
9585
9586
9587
9588
9589
9590
9592
9593
9594
9598
9599
9600
9601
9602
9603
9604
9605
9606
9608
9609
9610
9611
9613
9614
9615
9616
9617
9618
9621
9622
9623
9624
9625
9626
9628
9629
9630
9631
9632
9633
9636
9640
9641
9642
9643
9645
9646
9647
9648
9649
9651
9653
9654
9655
9658
9659
9660
9662
9663
9664
9665
9666
9668
9669
9670
9671
9675
9676
9677
9680
9681
9683
9685
9686
9688
9689
9690
9691
9694
9695
9696
9697
9699
9700
9702
9704
9705
9706
9707
9708
9709
9710
9711
9712
9713
9714
9717
9719
9720
9721
9722
9724
9725
9726
9727
9728
9729
9730
9732
9735
9736
9740
9742
9745
9746
9747
9748
9749
9751
9753
9754
9755
9757
9758
9763
9764
9765
9766
9767
9768
9771
9772
9773
9774
9775
9776
9778
9780
9781
9784
9785
9786
9787
9788
9792
9794
9795
9796
9799
9800
9801
9802
9803
9804
9806
9807
9808
9810
9811
9812
9813
9815
9816
9817
9818
9820
9821
9823
9825
9826
9827
9829
9830
9831
9835
9836
9838
9841
9842
9844
9845
9848
9850
9851
9852
9854
9855
9857
9859
9863
9864
9866
9872
9873
9874
9876
9877
9878
9880
9882
9883
9886
9887
9890
9893
9894
9896
9901
9902
9903
9904
9905
9909
9910
9911
9915
9916
9918
9919
9921
9922
9923
9924
9925
9926
9927
9928
9930
9931
9933
9935
9936
9937
9938
9939
9940
9941
9942
9944
9945
9946
9948
9949
9951
9954
9955
9956
9961
9962
9964
9967
9970
9971
9973
9977
9979
9981
9984
9985
9986
9988
9989
9990
9991
9992
9993
9994
9995
9996
9997
9998
9999
10000
10003
10004
10005
10007
10009
10010
10012
10013
10014
10016
10018
10019
10023
10024
10025
10027
10028
10029
10031
10032
10034
10036
10037
10039
10041
10042
10043
10044
10045
10046
10051
10053
10054
10055
10057
10059
10061
10062
10066
10067
10068
10070
10071
10072
10073
10078
10083
10086
10089
10091
10092
10094
10095
10096
10097
10102
10103
10106
10108
10112
10113
10114
10115
10119
10121
10122
10125
10127
10128
10129
10130
10131
10134
10136
10137
10139
10142
10143
10144
10145
10146
10147
10148
10149
10152
10153
10154
10156
10157
10158
10159
10160
10161
10163
10164
10165
10167
10168
10169
10172
10174
10175
10177
